AEQUOR AETHRA 11

10114100 1011 0111101101, 0101100 word, 1, 449, 01 011 0111111100 made 01Ι
101111,(1.1,118; 11111 11001 101111, 6, 2681 0001101 01 1101111ς a 1114111111, 8, 2403
1110111 10110110, 1000111, 8, 474; 111111·- 01111001,(1.4,151; 011101,2,784; 11100,
011, 11, 1251 pm: 0011011100, 1, 010, 210100010110111,0.1,4111;8,847;
111001 10001 0110111 ,· 111000, 4, 187. 0110010100111101110111111101111001011,
0011001, 011111. (001100), 01110101, 0111001010οω1, 0, 591ς 01111111 111010
1011101101, 01 11111 11100011,Ι 1111 1011001 010101,0100001106011011101110, 1,86;
0111101101 11101011401 119,07; 11110010, 11,, 11111110, 11, 82ος 0010
water, 6, 85⁵3 10001, 8,197; 0100111110, noxus, 010111000ηο, 06101111, l, 448.
1110111, 5, 45ος 0 10000011101110 0111111, 1001111100 (000), 1, 1., 011 0011 111011110-
(1.2,041; 1010114110, 12,524; 1011011111 1000111010 0001111; 0110011, G. 2, 16.
0101110 011011, G. 1, 50. 0001001110, 1. 101411), 1111 1011111111,1,
0011οὄ11100, 0, um, 0111. (11011001), 285,0101,; 1111111111-011,11,707; 01101,
111110111110 101111 110, 11101101, 110, G. (1.8,190
8, 218. 00011101,111,11100,1111, (000100 11110
000000,1,0111,1111., 1110111, even: on 1010), 11101-1111101110, 1111111, G. 2, 858.
0 1011110111,1101110,011111101.,12,160; 00011100, 0, 010, 0111. (100100), qs
101101, 0111111011, 11, 706; 101101, 001- summer, G. 4, 583 001101 0001110,
quau, 1111110110, 10, 45ος 1011010011, 1, 011101,1ι.,011111111111100,· 010010
4791 1110111101101111411, 1010111010, G. 0001110, 111, atum, 1, n. (100100), 10
8,146; 1110011101,1011110011,1111,6.129; 01010. 10 01 00110 up or 11010100, G. 1,
1101110001ωο, 1111010110, 9, 284; 001100 107; 1011111,·11000,]’00111,6,2117;Ῑο1111,
110110, 101111 [001 1010011001 101001, 12, 8, 258; 1001, 1111111, 12, 880.
4051 aequum 001, 11 111011, 12, 201 aestus, 1010. (rel. 10 0110), 01010-
aequius 100101,1110001010016101 1110 11101,Ι 1101110181 1011111111, G. 1,

1110111101, 11, 1153 0111101 aequum, 1, 207; 00011110,·001410101 1110110111οα00 .

11,,11101 11111011 1110111,· 00111010002, 01110101, flames, 2, 706; 10001, 10101, 1
421;1110000010,101110011011110111,9, 107;1101,110,]1000,8,419;110101111110

68·1101,]”1011·,(1 11419ς 1101101 feeling),
001, 11110111, (100.1(111010(111111),”01111, 0011011011, 4, 582.

1110110101,0101111111 1, 800, 01 01.; 0010011110, 1. (1010011100111010111),

nummus 0011111 1011111011 11011, 0110 1111111111, 001, 1,701; 010 001, 2, 511ος ’

1001101101, G. 2, 128. 1111100, 0011101100, 001, 10891 10111101

00101110, 0, um, 0111. (010), 1011111110 111111 ,· time, 8, 200.

101111 00111101, 0101111,· 1110010] 010011, 2, 0010111110, 0, um, 0111. (101 0011101-
481111010000111011011110101111110011111),10111110,11100010011,· emal:
8,;075 00000111000111011111οΛ, 1111001101,188,,,11111111101499,0111.1

708 0010111010,101111 0111101111001111110-

1.0011100,1,010,0111.1111),11100101 0110, 1111110110, 6, 401· 1,011011·, 11, 111.
001011101010111,·11101110, 110110 (see 0011101,1110,111 (000. aethera 0110
def. 01 aes), 1, 448; 1101111 0101110, 5, aetherem), 01111, 1111 0111111· 011,· 11111,
1883 01 the 00111101 01 010010011100 01 sky, 11100111, 1, οος 111 1 general sense,
001100 01 0 00100101, 10, 818. 011, 1, 581, 0101, 3 0010011111οᾱ, Aether,

2. 01111100, 0. 111100. Jupiter, G. 2, 825.

00111100, 111110, adj. (000 000 1100),001111111011100,1010001100-
braum 0111101110-100110, 01100110, 6,1,ὴο1)11111011011010111111111101111110
002. 1101, 111011,ωο 1, 894, 01 11.; 011118,

0111001000),οη11 111,1.,1111101111110 008.

101111 011 0111010 110111 1110100000110111111110, 01110, 10,, 0111111, 01 Ae·
(111, 0110,011·101,5,520,1·10111011110 1111011011. 11. 10, 68.

111 011,· 1010111110, 10110, 8, 8813 011· 40111011,111110,10.,Δῖ401.,41111011,0111
0110111110, 9, 803; G. 1, 375. 01111 0101101 10111101 Pallae, 11, ω.

000,10111,11.,00111111,0101111,·11·011, 001110, 00, 1., 011110, 1111 0111101111
vn 011001 the old English 01100001 that 011 ,· 1111111110· 11100111, 8, 881, 0111.

 

