76 1111111111 ’ 1111111111

1511181111111-),1,11111,111].(ο11111. fumeum, 1, 11. (ferveo), 1111
teo), 5111191119 forth: 1111119111, 9111111- 111111 9111111111111111111111, 111 1111119
1111, 6, 598, 1111111119, 7, 888. [1111111111 (1111119-1111111111111111), beer,

111, fellis, n., 111 9111111119, 9111, G. 8, 880.
1111,911111,13,877,119.,111111,8,330. 111111, 11111, latum, 11111, irreg. 1.

18111111,1111,,1ο1119.ο1711111111,111111 (φέρω), to 1111, 111119, carry, 1, 703,
11111119,111111[1111]1119,8.1,51. bear 11119, 3, 371, 111119 19111111, 13.

1. 15111, leis, adj. (15111111), fruit· 465, carry, 111111, 1, 536, 11111, G. 9,
sul, 6, 330, 11999, 111111, fortunate, 3, 301, 911, 1511111, E. 5, 89, bear, 111119
19311111, G· 1, 3771 w. inf.. G· 1, form, mea, G· 4, 28⁵; 1113111, 11111,
384,1111111111,11,196,11111111,9,773, 605,1111111111,11111,6,396,1911,3,19,
active, 1111111119 11999, 1111111111, 111111, aim, 13, 399, cast, 111111, 3, 570, move,
9119111111, 1, 380. 8,400,111111,(1.1,333,11111919111,(1.

3.15111,1.111111. 1,353,11111111, 11111, G. 3399, auena,

18111111,11111,1,11111111. 5, 356, 111911, allow, 3, 91, take 11119,

nmina, ae, 1. (ο111ο1. 111), a 11111111, 3, 5553 (7117137, 3, 000 3 brim, 11170117, 1,
1861, 1111111,8.8,316, 168, 91111, put, 8, 115, muter, 111151,

1811111111, 11, 11111,1111.(111111111),911ι 8, 539, 11111111, 11111 (others supply 11
1111119 to 11111111, female, 9, 113, α 1.]1111511),11,311;1111111,(1.3,371;
1111111113, 111 woman, 3, 581, 19111 1111,114911,111111,3,131, carry 11
111111,1,667,)117111111111111, 13, 53. list, 111 pruses, 11111, 11111, 11. 5, 53,

11111111, 5111111111 (from ο11111.111-111119111111191,119111,1,645,111119 11
111111),1111111111,11.,11111191,10,344,11911,111111111,3,158,,9119111 10, 150,
788,111111,,,11111193,331,,,111173111,1111-

1711111111, 11, 1. (rel. to φαίνω, 51111- 9119111191, 6, 675,1111111, 3, 31, 111-
9111111 1911119711 111 1111111111 of 911111,11,315,1111,11,1111111, 11
11911, 1119- 111, 11111111, 1, 111, open- 1111, 11111131111111111, qo, m-
1119, 919, 511111, 3, 433, sort, Ε. 0, 33, move, 1111111, 8, 199, flu,

151111111111111111. G· 1, 408, 111111, 7,193, 91, 3158,

1111111111. appear, 1, 503, 1111, 6, 311, mh, 3,

11111111,111.,9111111119 to 111 012300mt‚⁶‚313;1m·: 11113111
1111;11111111,1111111,1,111;11111 11111,<19113,11111111 to be rend-
9994469 11111, 1111,1,110,1111,111119,11111111,

1111111,5111,111]. 1111ο1,1111·111911 3,337;77(71,5,587;1111111,11,531,
1111191119 111111·,[11111[11, fertile, G. 3, 1077, 3 701813610118, 07 the wind,
70· w. 613, G. 3, 333. 1111111119, G. 3811, 7111111119, 1, 131,

rm, 1819919991 919979 99999· 119111111111 1111111111111111111,
99919911, 99999999 ,999119 sor 99 111111111111111111,8,198,11111
1111119111 freq. 1111111111,111119191111 11111111, 5103,

1511111, ntis. pa. (fero), )1α119119]11 ferro pedem, 1111111, G. 1, 11, re·
111111,ο11111161,111111111,3,178. Sf·e 77711, ,70 3, 75⁶·
ro Ε51611111,11,1,11 11111111 Italian

fflrsstrums 1, n (1111), 11111, 6, 333. 00171731 1731117119 over 1111111 and 11·

1711111111,1,11111,16]’. (111111),1]”111111 1710731, 7, 800.

,11111 1, 91911111, of 1111111111, 11, 571, 11111111111911111119111, 1111911-
11151, 1111111 (se. 1111111, 1., 91111, 1111, sermione, 1111911111, 5, 377, wast
911111. 1111111111, 1, 315. 11111, martial, G. 3, 179, 911111, 13, 895.

111111,1,1.,111111111 1111111111103, ferratus, 1, um, adj. (11111111), m
111,1,530,19111, (1.3,160,911111, 13, 11111111 1111111111111111111, 111117,
301,1119, 10, 315, 1111111 or 1119 111 633, 1111911136, imma, 5, m,
1111111111 11111111, hence, 01 1111111911 1111391111, amad 11111 the 19111, 11,
make. 10, 154· 711, 91111119, 1111111119, G. 3, 399.

15111υ,111,,1.(11111),11111111, 11, tensus, 1, um, adi· (11,), qr 1111,
⁵⁶⁸· 111, 1, 11, ng„ 11911111, stem, 1111,

 

