1111111111 101661 79

1161111111, 1, um, 3dj. (6111111011), 6611110111, 1, ιι. (fluo), 0 1111011,119-
9 1919111911 or 11011110 (9199091 191 11, 4, 143, 0191119019, 19, 36.
modern 110110), 11 Etruria· 1199111101, 6111111111 (6111111111) 3, um, 161. (111),
7,.696 909119, 91119, 11111119, 1190991119, 3,

66111111, um, adj.. 9111010119, 911- 663, 1101119,1110911001,.(13484.
low, 7, 313 9016-,1111111 9011111, 1, 699,) 1111110, 611, 91111111, 1111111. n. (111 ),
4 669 9999901111901111190111119Η,111,9001 6, 367.

6139, 9011911111, 6, 699 ¹ 66ιι11ιι,11ι11,ιι. (16.),0111·10111,01ν·

6101911. ιιιιιι,3,1.1ι16ιι.,1091111 1111,1“109,3,,99 911111,,900119,696,
G. 1, 169, 110111 99 1111111119, 111011, 7, a river-3333 (Heyne, 19190111 11011),

689, 1119191911, 1,166,ι111, 11111191, 111,669,110111’, 9, 719,91011(0111111),
9,696,11,911111,11109,91111,11001,9. 1,466;0111111111119,191091,(1. 3319,
9, 496, 91111011, 191111, 19, 46, ,11, pl. 101 smg 6.,,169 recto flumine,
stoma, um, 0100111116 699·,9191911, 99191 direct 191011 19019111091191111
G 4 199.1·1111111οι1110111118,67

660, 6111111111, 9, n. 11161. (rel. 10 6110, xi, xum, 3, n. (1·11. 109110, run
(11016691991019111 11011, wem, 9111), 10 stow: treq.; run, 1111011, 6,
9191101111, G. 4, 614,1., 1011111, 91- 999, 6119,6,179,991,1111119“,19111,(1.
11011, 11119901, 6, 9161111. , w. 111.. Ε. 9, 199, 9011901111,19,444,90011,901111,
3, 78. 191019, 11, 936, 1111119111, 11, 893, 199,

1. 69161, 3, um, p. 011110. 91009, 100111, 9, 169, ,11, 11111011, ntis,

96611111, 61, m. (1110), α 1099119, 9,,1999110111, (1. 9, 379, 0900111119
110113, 699, 090011 os 11011, 9, 971, 9119,9.9,199;,)1.; fluxus, 3, um,
1091119191, 1101111119, 4, 463, 1111911, ,9911909109 911111111990111919,
1111 91111091, 4, 437. 88.

noxius, 1, adj. (61110), 91191911, 66116111,1,16,“. (611111199111011119

19111 ⁵ ⁵⁵⁹ 9111111991, 4, 335.
1. flexu& 9, 111119· 01 flecto. 6111111111, 3. fluidus.
,9. flexus, 113. ιιι. (flecto), 0 91111119, 61111111,11,ιιι.(6110),01111111, 11011,
911111196194. 1, 697, water, 9011910111, 0911111011
tuctus, 11, m. (1110), ⁰ 11111111, wacena. 3,133; seeundo fluvio, 9
11011111, 91111911, 1110111, 9, 667. 191 91901119 atroam, 111111 or 1101011191
691110, 111, 9, ιι. (601), 10 91 1190911, stream, 7, 494.
910011,Ε.3,64,10919010119,Ε.1,79, 6ιιιιιι, 1, ιιιιι, p. 01 6110.
9910119919 9119901191, ng.. 9100111- 190111, 1, m., 0911911101, 911119, 6,
11911901011114999, 99111 1111910011, 669, 901113164, place where the 111-
111 1111901111 01 1191011111, 1914, 9 91 nem] ,19111111 been consumed, 91011 os
9101911911, 10 9010119, G. 4, 664, 9 91 9919119, 11, 919, 911, 91190111, 19, 986.
911991, 1090111, 11, 433. 1011ιιιιι1ιιι,1,1ιιιι,ι.11011116111.
6619619111, adj. (1699191191, 1661916111101111013, 1.,10111991.
439. 1.,193,911111,.(19498;911111,6881.
6011111111. (9140), 0 91011011 ,slow- 10161,1ι11.(10161111,901119,901119,
11, 67111, 9011119 9109911, wax. (1.4, 1901111999, 6, 794.
969· , 901111, 9111119111, 7, 169, down, 8, foedo, 611, 911101, 1, 3. (19,), 9 make
1⁰⁰³ 9119991991, 1191, 11191, 911 : 91111.1ο11111.3,99; ng, 33-
3, 699. ,1191111,11111111011,9,936, 10111011, 1109111,
61101110,911.11ιιιιι, 1, ιι. (11111111),9 19, 871, 9110119119 in 911011, 1111909,
10011, 99111011, fig, 911, 4, 699, 1091, 9, 66.
9011, 19, 697 , 911011, 91111, G. 9, 981. 1. foedus, 3, um, adJ'. (rel. to 101110
fluetus, 61, m. (6110), 0 9010119, 0111110), 9011191199, 1001910111, 3, 916,
911109, 10191, 11011, 1, 66, ocean, 333, 3, 9111191111, 4, 196, 9111, 9011, 11, 399.
976, water, 6, 139, fig, 01 111111111619, 9. foedus, 1111111111. to πείθω, and
831. 6119111111), 0 111019, 110991, 01110111,
6611111,11111,,ι. 01 fluo, freq. ; 111111, 6, 496, 11111 οι ,1119911

 

