' 130 1101181118 1101111110

01001111000101101. wara, 10111011, 2, 183, faretram, sors

11101101101. (1011100 111111, meten„ 10113, 712, w. subj, 3, 684, w. int.. G.
110000011100101111010 , 11011110 111111 1, 457, et 11,, p. subs. ι 0160110111, 1,
01 100101 01001, 4, 517. n., aa admantttan,· 000010, 0110101,

mittaris. is, m. (10010), 0 1011101001, 10010101, 4, 331, 0001100011, 8, 336, 10-
meten, a 1001110111, 8, 250. 1100001, 10, 689.

1116100,10,1.,0 camaras 01011, 0 1111111110, 10, n., a 01010001, maur, 1,
1100111111 01100111, 11100001,101111101·1, 654, 0 11011111, 7, 276.

9, 65, 01111, 2, 497 ; 0 mass os 0011010111, mammonam, s. 0111011011οῑ0οι
vast 0111101011, 1, 421, 1111001011, 11, 0111011001, 1, n., s. moneo.
130 ; srame 01 flaura, 2, 32 , batte,5,118; 1. manitus, 11, um, p. ot 100000.
0110111, 7, 589,11111, mass, 1, 61, 1000, 2. manitus, 60, m. (100000), 00 aa·
11111179, 01000111 frama, 5, 431 , war· 0010111011, 1110101110, 4, 282.
ata 1110100, 1100110011, 5, 439, 011011, Mnaseus, 1, m.‚ 1161111101, 0 pram·
1100111, 11010(0111010,1111, stature), 12, 0010110110 1101001 011 1111 1101111011
161,1001011010ον1,111101000,12,575, 0001100101 1111100, now 11011000, 6,
aava 110110, 1011111011, 5, 790, 1011, 100111, 830.

’ laam, 1, 33, mons, ntis, 01. (perhaps 10110 mineo,

1115110011υο sum, 4, dep. s. 10110, 11101101),01001101010,11111,111011111,8,10“1,
(moles), 10 11110 011,00110,01101, 000- 1110100100, 1111163611, 0 1111101101
111011, 1, 424, 11100, 0001110111, attempt, 0011000011, 12, 687, 0 areat 0001, 1, lm
2, 1093 11111101, 6, 477, 1111, G. 1, 494, 10000116101,5110, 10,(01000110),0111
111001, 10, 477, 00011101, 000111, 1, 564, 0101101011 0111 ,’ 0010000101, G. 1, 19.
01100100, 1, 414, prepare, 110111, 4, 399, 1110110110,1111,111001,1,1. (0100011100),
0110000, 001011, 12,(127 , 11001111, wicta, 10111010, 110101 001, 10011010, 1, 444, 111-
G. 4, 361, 01 missiles, 0111110101, 11011, sarm, 1111, 1,,321, 11001, G. 2, 417,
G. 1, 329, 10, 191. direct, 100111, 9, 44, 010010, 0111101111,
molitus, 1, um, p. 01 molior. 1111111111, 4, sas.

0101110, 1110111,11010,4, 11. (1001110), monstrum, 1, n. (100000), 1111 1111110
10101110, 10 1001110, 10110, 00111000, 011 atta 10011111, 00 001111, 0 portent, 3,
110011, 1, 57, 110011111101111001, G. 2, 36. 26, supernatura 101110, 11110, 12, 246,

11101110,0,11111.(110111161), 1011100011, α 1110111111, marval, wonder, 111101, 3,
01110011, 111001, strata, sast, 1, 693, 583, monster, 2, 245, ver-tntu, G. 11611.
maala (1001110),Ε,1,82, east-mattam montanus, a, 010, 11111.(01000),1111κ
(0111110,1010-11100100),8,666;111,,10110- 1010100 10 0100010101, 1110001010, 2,
seatared (others, ptastta, 10001), G. 2, 305.

689,1111111, 4, 66, tamea, 010111, G. 3, mantum (31150111), a, 010, adj.
2114, 11110101, 0001011110, saroratte, 4, (10,),100011010010111111 01 1100110111,
296, 1101111100, G. 3, 295, easy, G. 3, 111111,10000101110111,7, 744.

41, haud mollla, 11111111 11010, 01111- 100011100111001 (011101), 1,11. (1000-
1011,1101111,0000110100, 12, 25. so), a 0100111 os 0011001111ορ, 111111110-

010111101, adv, comp.: 10011100 11111011111110011110, 0011001101,3,461,
(moltis), sasttr, 010111, 0011111, 1110, 110010, 1100111011,3102,111111101110,12,
31, 0111101110, 1111110110, 6, 847. 945, 101110, 6, 512.

0161010000. 1, m.‚ 1101161101, 0 Mopsus, 1, m.‚ 1111101, tta 1101111010
1101010100 10110 1010101010 Ηο10011110 1111110010, 11. 5, 1.

1111 001 10 1111 0110010111ωο af 1111 11111111,01,1.,1111011,6,456, 0010011011,
Nemean forest, G. 3, 19. 110011, rapite, 1100, 6, 458, 1111010001,

1111100000, i. m.‚ a 10110 01000 01 obstacle, 1, 746, 1111100111, 10, 4241
10000 brea 10 0111101 ty 1110 Molossi , 0 morbus. 1. 10,,0101011,110111111,1001-
1101011100110000, G. 3, 405. aaa, 6, 275, 11101100, pestilerae, 12, &n

11111100, s. Tmolus. 1111100011, Morbi, 01001, 01, 01110111.

Ι0111010111, 110001, (111. to memi- 0. 215.

11111911 ment), 1010011011, 0010001111, 01010110, 1000101111, 01010001, 2, ι

 

