106 INSINGERUS INSURGO

11110111 0111110110,3,666,110011111, 111111ῃο11,110111,1,1,10100601,
11, 39. incito, 1111111011, 1100111001, 6, 266
insinuatus, 1, um, 11111, 11111011 1110111110, iii, ntum, 6, a„ (1. in ami
111111011111111, 00111111111111116, statuo), 10 fix 11 a 111011, put down,
G. 4, 286. 11011111 111111 (0110111001 ae 0 1110-
10010110, 6111111111, 1, 11111111, 10 1011),’1, 696,]”01111, 1101011011, 616,
1111601011 ,· 10 penetrate, 2, 229. w. 1111, 016011, 6, 146, prepare, 610111,
11101010, 11111, i, 111111 n.‚ 10 place 1, 169, 11001, E. 2, 86.
0111 sels 111 01 upon 11 thing , w. 11111, 10 111010, 01111, 1, 11,, 10110110101· upon ,·
111011 01 110101 upon, G. 3, 114, 11100, w. 1101, acc, 1111, 01 1110110, w. 6111.,10
1011106, 6, 563, 1110111111574, 110111 110111 01, 11, 626, 110111 01 11010 over,
01 11, 11111111, G. 8, 164, fig, 01 1110 16,196, 61 11101110110011110101, G. 1,
will, continue, 1010111, 4, 633. 226, 11, 100.,10 11011101, 0111010001,
11101100,1,11111,,). 01 1. insero. 8, 434, w. 1111.,11101 01,,11111 01, 1423,
1110611100, 1, 11111, adj, 1111011111, 1111111, 16, 118, 1110110101011011 up,
11101001, G. 1, 415, in 111 1101110 sense, 01111 01, 11111111, 1, 468, 61 011111101-
(1.3,641 1011, G. 3, 126,111110614112,1ἃ,601101
insomnis, 0,11111,(2.1110111 somnus), 01 10111, approach, threaten, 12, 918,
1116001111, 11011101, 9, 161. 0110111, G. 3, 154, lo 61 tament, 111001
insomnium, 11,11.,1110111111011001113 iani, incumbent, 4, 116,
11 11111, 01111011, 4, 9. 1. instratus, 11, um, p. 01 1110101110.
imino, 11, 1, 11,, 10 100111 1111111, 2. instratus, 1. 11111, adj. (2, 111 and
11101111, 1101, 6, 519,11.1100,, 1011111, stratus), 101 spread, 1111111011 (0111010,
111111(οε 10, 01 with) 11111011, 1, 451. 0111111106, from 11111110), G. 3, 231.
11100110, ntis, 161, 11100111, 0111111111, 1110111160, 01160111, 1111011111,1,11.,11
unoffendinq, 2, 84. 11101116, 101111, 0111111, 6. 8, 116.
inspectus, 11. 11111, p. 01 inspicio. instructus, 1, 11111, p. 01 instruo.
1000616100,1,11111,011,’.,01601111101, 1111111110, xi, ctum, 3, 11,, 10 6111111
3, 218, 01111111118141, upon, 611116 11,· 0110101, 011010 up
lmpioio, spexi, spectum, 3, 1. (1. in ships or troops, 2, 264, 8, 616, 1101011,
and specio), 1010011110 0111001, 0011· 1, 638,]111111111, 101111, supply, 6, 211,
10011241. support, 8, 831 ; instruct, 11011, 2, 161.
inspico, 111, sium, 1, 1. (1. 1110111 1001161110, 1, um (trisyll.), adj, 101·
spica), 10 point 111101 101 <ff 1111101 ,· 10 0011110111, 11101111, 1111011111, 6, 16,
1111017111, 10111, G. 1, 262. pl. 11. as adin: 1110116111, 1111110111,
inspiro, 111, atum, 1, 1., 10 6110111 1161011111, 8, 246.
1110,·110.,11]1111,110111110, G. 4, 211, 1111111111,1.,0101010,1,110.
1111111,1111011,1, 688, 1111111, 1661. insulto, 111, ntum, 1, 11. and 11 (111-
inminutus, 1, um, 1111, 101 111- 01110), w. (1111, 10110111016011111111011,
11011111,11111101111,11,664, 1011000101, G. 3, 111, 1101111111 01, G. 4,
1001661110, e, 11111, 01111061111111, 11 ; 12, 369, 0.100.,6011111,11011α, 11111
G. 4, 166, 11011,]1001110,6. 4, 195. 11101101, ’1, 581, absol„ pram, 11, 611,
instar, 11111001, n. (1. in 0111 010), 1101116111101111, mvelt, 2, 336, mli,
01 111001, 1111111, 10611 01 10111111 16, 26.
form, 11111111, 6, 866 , w. gen, 11111- imum, 111, 0000, 1110,, 11,, 10 61111 01
1111, 1111111101, 011011101215, 11111, 01,· 611101111111101, 6, 26.
3, 661. ¹ 11111110, iii, 11111111, 3, 1.,10 1110 01111111
instauro, 611, itum, 1,1., 10 6111111, 11, 1110, 0101, 6, 466.
11110111, 1111611111, 3, 62, 110111, resolve 111011ρο1,0111.11111,110,1. , 161.,06001,
011111, 451, celebrate 01110, 4, 63, 11· 0011, upon, 1, 61, 1101110011, 2, 6111,
1110, 2, 669, 111101, 1100111, 6, 666, prep. w, 11111.. 61111111, 1214.
1110101110, stravi, 0116111111, 3, 1., io 61011ρό166160, 01111, 11111 m 1111
mad 01111 ww· 2, 722, 10111111, 1, 6101111001111 ,· 1111101611, 4, 40.
211,111111001,11,011, 1010130001011, rectum, 3, 11,,11

 

