220 U'I'CUMQUE vmnus

01, exclamatory, 60101 108, 41, somer 1111, 0. ut.
times w1th 1001010 00000000010000- 11611100, adj. (010100100110104010,
tion, 6, 655, G. 1, 56, 01 01, 6010 0100- 0100110610,]11,0000,(1.2,150,0101.
10, 8, 154, relat. 061. 01 manner, 00, 111111οω00100, omae! 0001016011
just 01, 1100. ; in 001110, 00 11010 00, 12, 1111110061., 1, 575.
206, 01 time, 01 1000 00, 01100, 6, 1, 01 utor, 0000 sum, 11, dep. n., 10 nae,
al.; ut primum, 00 0000 00, 1, 306, 1011601110061, 0010100, almo, 0100100,
conj, denoting result, 00 1601, 6, 556, 01 5, 102, 0001000, 1, 61, 0000110000, en·
01, 0010000, 10 01001 1601, 11101, 1, 605, j , 01001, 10001 10116, 6, 546.
0101, with subj. 101101. audace.. 1601, 11110000 (fiamque), adv. (0101,
11, 209, ror ubl, 01010 (according to 10010 im, and que), 00 or 01010 either
1101111001 and others), 5, 529, 1100,οη 60111 11001, 00 00010 1100, 7,
utcumque (mum), 0110, 10 01101· 566.
ever 1000, 11000001, 1100000001, 6, 822. fita-sque, s. uterque.
11101, tris, m.. 0 600 or 601110 10000 atrumque, 0. uterque.
0011100, 01001110· 01 00010100 600, G. 1110, ae, 1., 001000, E. 9, 40, dueta
2, 381. ¹ os 010000, 11. 4, 29, 10100, G. 1, 9, 0100,
11101000,111000,11001000(-1100000), G. 2, 60, 1110 duem or 11000100 mm
00011 (of two) ; 60111, 2, 214, 0060. : os 1100110100 6000, (1.1,500
utrumque, n., 00011, 0111101 111100 01 uvidus, 0, um, 0111. (010000), 010111,
0001001100, 2, 61, adv. : 6116000, Ε. 10, 20.
10 or on 60111 01000, on 011100· 0100, 5, uxor, 0110, 1., 010110, RS, 61.
469. tum-lus, 0, um, adj. (0001),,1001010·
1116100, 1, 10,, 1110 100106, 60110, 11, 100 10 0 0110, 00110000 10 0001 wisc,
813, 0010000, G. 4, 556, 000110, 2, 38. 0001101000000101010041166·

V

10000, ae, 1., 000, 6, 251, 1101001, 4, 06001, 1, 112, 0011060011, 10, 016, 11101·
. 10000101,11,628,6011010,01016,1,125,
vaccinium, 11, 0,,1601011011100101 00101, 1100, 1110001, 0, 020, 100101 01 thu
01100060000111, M. 16Ι 000,5,156,0000,00,7,101.

1000, avi, stum, 1, 0.,10600100101 m, 101011.(οὺαί),0001 0101 10 me!
10600000,11,179, 10 6001000100, 00 0100100211.
occupied 60, w. 061, a, 126,1100010.; 15010000,1.,000066010,160016,1,
vivat, 6111, 111010 1111011010, 000 1100 579.
time, 1, 070, p. ι 100000, ntis, 000000· vagitus, 00, m (vagio), 0 00111006,
0100, 001100, 00001100, G. 3, 477. 126.

1001100, 0, um, 00]. (vaco), 010010, 111301, atus sum, 1, dep. n. and 0.
0010, 12, 592, open, 5, 515, 00001100, 2, (vagus), 10 1000001 06001, 6, Μ, 1100
528, 00111010 (others, 10001001), 2, 701, 10 000010, 001001 06001, 5, 560, 10 61
00111010, 4, 82, 0000001100, G. 1, 02, 1010010010000101000, 2, 17.
1011110010 11001, G. 1, 90, 10116001 em· vissons, 010100.

0110001001, 0000000100, G. 3, 0, subm: 116160, 61, Itum, 2, 0., 10 60011000,
16011010, 1, n., 0010110000, 0111010000, 0000100110, 10600011, 01001001, 00001-
12, 006, 00000, open 011, G. 2, 267, sul: 10 00001, 5, 67, w 6000 00100060

10110,3,0.,1οοο,00111,0000010,00 0610, 000, 2, 492, 1000011, 000 0012,
on, 2, 396, 0101.,1001ι, 2, 659, 10000, 796, 0100011, M, 12, imperat: vno.
100000,8,762,1ιο00101.;1000,01000, ,10100011 2, 769, pm: 101000, ntis,
000010462. 011000, 01001010, 00001001, 5, 411,

vitiosus, 0, um, 0010011010), 1601 60011110, 0. 2, 70.

Q 60 [01000 ,· 00100610, 06011010, 7, 71110100, 1, 10,, 0 Latin 10011101, 10,
⁴ =· 152.
vidum, i, n., 0 0010, 0 01101100, 1011000, 0, um, 001. (10100), 011000

61

A

 

