SOLI'I'UM SOPGB 193

2, 632( subs. t 0511511111, 1, 11,, 10110 0101111,4,514; 011]011011,101100,5,113;
10000, G. 2, 19 3 00110 0100110, G. 2, 281 ; 0110011, 0011010110, G. 2, 542; 0110011, G.
fig, 11, 421. 8, 424 3 01 1110111111,0000, 01111011, 3, 66,
0511111111, 1, 0., 0, 00100. 01 111; 100001 10 0010, 01110110, G. 4, 802;
05111110, 0, um, p. 01 00100. 510011 00, 1111101111, G. 4, 2143 01110110,
simum, 11, 11,, 0 0101, 8, 118 3 1110111, 0011000110, 11111,12,205; 11001011, 010101,
1, 506. 5, 581 ; 10,, 1010101, 1111111, 0111011100,
sollemnis (0510101110, sollennia, 4,481;1111001,1111011,10, 111;111011,10,
05181110), 0, adj. (001100, 101011, and 111; 000, 01111111, perform, 3,404; 011011,
annus), 00111110 01 111 0000111100 osa 0011001, 101011, 4,55; 1, 468; 0111110011-
year: annual: stated ,· 0110000101 ,· 10- lax, 01189( 0011110101,ος 12, 951)
hyms, 10111011, 5, 53 3 festive, 2, 202( 0101000 0101001011000,10101,5,856;
0111111010,10,100; subs. : sollemne, 0101111. 9, 189; passa 001101, 111111, 4,
10,11.,01.; 0011οω010,10111,1011111111111, 530.
0001110101 11111, 0011111101, 5, 605. somnifer, 110, 010111, adj. (somnus-
0011010 (051), 1110, 0011001100 0110 1010), 11110- 0111101110· 0001111110, 1, 158.
0101111010, 11111101,· 1001010111, G 4, 0011101010,11,11(001111100),0010010,
321 5,(840 0010011000, 6, 288
001110110 (051-,) avi, 1111111, 1, 0. 0011111110,1,111(ὕπνος),11100,11010601,
(sollicitus), 10 1111 00, 0011010, 01 the 1,680, 01 111; 0,0110111 1, 858, 1110111,
000, G. 2, 5663 011110 ground, G. 2, 470, 0101, 0010011111 8011111110, 111000
418ς110100011001,12,404;100111100 (0111101818, 0101. ,
1001, 01100101, 0111015, 4,.181) w. 000. 05110100,11110,0.οο110.
10100 0110010, 100111 10, G. 3, 181. 05111000, 1010, adj. (sonus 0110 000),
001110111ιο (051-), 01110, 001. (sollus, 1011010000· 00110, m., 10101, 0001001,
01011, 0110 cieo), 1110110 010110ος 011110 11110, 4, 185.
water, 0100010, 1111100 110, G. 4, 262( 05111100, 110. m. (sono), 0100110111ος
01 1110 mind, 101101101011000110, 101- 00111, 2, 162, 0101.;1001·1110, 2, 20ος

, 011110 11111 0010, 0001000, 3, 389. 11011011, 6, 586 ; 01000, 0111, G. 1, 474.

05101, atus sum, 1, dep. 1., 10101011, 05110, 0511111, 0511110111, 1,11. anda, 10
0001011, 5, 7763 0010001, comfort, 010, 1011110, 1110110,1100.,· 1110110018442,
1011111, 5, 41, 00111011 0100 10111011 0101411110,12,417;101111,4,149;
239 1101110, G 6, 191, 1001,1,246; 11011011,

solstitium, 1111. (00100001011110 2,113; w. 100,1001001150100110, 11·
111011000101100010 oscae 10,· 111011110,1,010;150110,101;01.;
22428221 mmm 22824221 2124222218- 05110110, ntis, 1011101110, 1110000100,
l. 1001 2142212οΜ8 heal- Ε· 7» 47· 1110101111110, 10011100, 10111100, 1100.

1- &hmo i! ¹¹·· tae ⁶⁰le 0¹ 1112222 051101, 0110, m. (sono), 0 110111, 000110 ,·
os 2111111101 011. earm, 110000. 1. 1111, eumq, 111, 0, 651.

867, 0101.; 1000, 3, 638 ; foundation, 10, morus, 0, um, adj. (001101), 11100-
102) 111 water 11111011 0 1110, 00 110 ,0000010080 1 533 0100111011-
0000011; 111 010111· 1106, 199, 1000011, 00000100 (2 712
4222711111Γ2212 2282142422 0· 00110, 11110, adj, 10110101,· 001110, 0,
1, 6⁰. 510

2. 0510111,001.,0 nolus 0511001, m. (00110),000010,1101112

05100, 0, um, 001, 01011, 0011, 01110, 728; passim.

1, 664, 0101,; 0101101011 0111111010 0.,4 8500501600, 1, 010000· (8001100100),
158, 00111010, 4, 82; 100110, 4,462, 10- 00800101110 8001001111,110010,11.1,10.
mou, 00111010, 11, 545, 0010010, 011 05010, 1110111, 1111111, 4, 0. (00001),10
1110,7,52;101,ιο01010, 0010, 3.,11 00110111οη p.: 0501100, a, um, 101110
48 1001110, 1, 68ος 1100110100, 5, 746.

0511111100, um ,0. 01 solvo. 05001, 5110, m. (101. 1051110), 111101

0011000111, 0511110111, 8, 0. (2. 000110 100110,001011010601,2,253; 0010001000, ,

· luo), 10001100, 100010, 6, 652, 0101( 6, 218.

 

