224 VESTIGO viano

219,ωο111,5,592,100111161011001, 111011001,1.,111 wiburn-mn, 0
G. 3, 59, ,1001 01 6001, 5, 566, 110006, kind 0116106, 160 wunsam-tm, Ε.
110,616,001111,1,11. 110.
vestigo, 1, 1., 10100011,·11·601, 011- 11011, 11,1.,01010611110111 0110161111
plote, search: 1016 out, 61161, 12, 467, plant 10116 016011 16111061, 160 01106,
6,]45,61101·1,12,566. G. 1, 75.
101110,1115111,1111111,4,1.(111111),10 11011111, 11, 1. (vicinus), 0 60116601·
010161, 11 4, 45, fig, 111011, 01101, 00011, 60011, 111106, 601611, G. 4, 269.
010161, 6, 640, 1101 11011101, a, um, adj. (110111), os 161
111111, 11, 1. (ἒννυμι, ἐσθής), 0 161·- same 61111101 0101111111,61116501161,
ment, 11111, 1060, 6, 645, 0101111161, 1, near, 6,666,1111>1,; 1101111111, 111.,0
464, 01016161, 6, 659, 00011161, 6101111, 60116601, 1³13, 56.
101111111669. vicis, gen. 1. (no nom. 11111), a
7111111111, 1, 111, a mountain 16 1110 160611, 10111 16 010111, 11011, 16111-
6101111160 Alps 10011 016110110, now 0606116565, 1100110611101616616,
Monte 1610167116. 0016501, 0110016101, 111111, 466, part,
1611111111, 111. (1111111111), 0166111, 1100111001, 6, 664, 100106, 1110161,
11111011, 6011666111, 11016, 1600110111, 175, 111 1101111,16 10060611, 6110161,
(1.1,121 (1.4,1661 60100011 16111 (others, 16
1611111111, 1, 11,, 1. veto. 111001), G. 6, 166.
16111111, 160111, p. 01 veto. vicissim, 1111. (11011), 1610111, 4, 61,
1510 (1610), ni, itum, 1, 1.,10 pra 16 0616 101606 0606 part, 6, 561, al·
61511169, 11.1111111.,10]01616,1,541, 10601111, E. 626
with 000, 011011, 2, 64 , pa. 1061. : 114- 1101111111, 01, 1,, 66 animal 1111111 111
utum, 1, n., 1601106106 11 1016161116 ,· 10011101, 0 01011166. 1, 64, et 11
0 1106161606, 16, 9. 110101, 6111, m. (1111100), 0 conqueror,
161111, 1111, adj. (ἔτος), old, 01111, 010101, 11111, 111111, 1000011111, 6, 466,
11111, 06011111, 00111, somer, 1, 26, 11 16 11101016, 6129, 10116 1000116156,
11, suba: 11114111, um, m.‚ 161 06- 0101011016,1,192.
011610,1611016000(1.1,176.11015110, 11,1. (110101), 0101011, 2,
1611111111,1111,1.(111111),0166111, 564, 1111001116,17101011,11,466.
011, 0111110111, 111616 os 111616010- 1101111,1011,1.(11000),011160110011·
1106, 0066660601, 6, 415· ,,1111011 116116 queror: 1611111616, 7, 544· ns adj,

11111111,,.19792 0101011016,,,654 111061160111616
1111111111,0,11111(16) 0111,06011612110111,101 01111100 06111110.

713.1.1101111,1,11111,ρ.01111100
111611161001, 1, 11110111. a (veho), 61101111, 111, m (vivo), 0110161,
1016001 16006, 1011, Ε. 6, 76, 660011, 1006116061,111160100,,1ωο1,114.
4, 615. 1111110, 11111, mum (interrog. 01111111
111101, 1. (11110), 0 61161061, wad, 101 1111111111, 6, 776), 2, a. (11611110 m 01
1016,1,461,1101.,001601,10161001, 11100101, in all 1011111 01 the 1101111.
G. 2, 276, 116010, 01511, G. 2, 477, dimit, 11111, 10 open. 161 111166, 21, 110 10
601101061αο, 6, 796, 000101, 5, 26, 001- 11, 10061011, decennias, 10, 744, pm:
011, 1006011161, 6, 714, 1011011, 16 1111611, to 60 11111, 2, 461, 11111, 10
1061101, 2, 494,11661601, course, G. 1, 11116, appear, 1, 696, 11111, impera:
416, 61016011, 1001, 161060, 12, 465. 11ᾱὸ1111, 11111111 est, 11010161 10 ono,
1111101, oris, m. (via), )0 00116111, 0101111 qood, 110111, ie 161 1011111,0110
1110101115,ἣό 161610,,101111,2, 426, 0101,.;111111)1
111110,111,011101,1,1.0111111.,001,11111111,1,0.661161611016 0611106,
10060001061000110166100111,106011, 6,,172 1111101611, 4, 456.
11016, 6, 524, 1011100110 0611 sro 51066- 1111416611,1111111,1,1.(111111111110
11611666,1001,12,169,110111.,0161·011,5111061, 11116100.1011061,6,571;1011.,
2211· ,101010,19,464, 1111’,111,]10066, 10511111]10111,οἭ4516
1⁰⁹ 11110, 1, n. (11111), 1101 00101601

 

