58 DIDUGG Dlomus

11111311, xi, 1111111, 3, 1., 11 lead or (11311111, 1, um, 131.,11.1151.,311111
draw (mart, 11911111, sever, 8, 113ς 199 11, 1111111911, 11. 3, 103; 11111131
111111, 311311 (9111. by Ribbeck 11 de⁴ 911111. clause or 15111.,111, 311, 11111,
duco), G. 2, 351; 31111111, 5, 733. 11111119, 1, 303, 11 11.; dignu 111111311ι,

(1131111111, a, 1111, p. 11 diduco. 1111119 (and) 9911111191 111 fortuna.

1113111311, 31111, 11.,313911111,11 all 111191 111111, 13, 311.
111111,11111111113111939 V., 5, 353. 1113133111, gressus 111111, a, dep. n.

(11115111111111111311111111 gen. 311, (di 113 gradior), 11 walle or 91 apori,
1,333, 11111311, G. 1,301),11. 11131.,1 11131,1111119,·39111,3110; 11911-
319, 1111 3111111111 period 11 twenty 11111 1111, mh 1111111111, 2, 713.

1111111, 1, 732, et 11.· ,,1319 11 3111111· 1.(1131111111,1,11111,9.1111131111111
31115131111111113111,5,13,1111.·1113132.(1131111111,111111.1,91111911119,·
31111111,11911911111111,911113,1111911 131911111191111119, 3133
(1.1,3531111,31911911,1,33;11111 «nabor, 1191111 111111,3,(119.11.,11
3911111 91111311 1·1111, 11111, 5, 7883 6, 1119, 91131113 aptare: 319111, pau
745ς 1111911. 1111111, 11, 125; diesin a 111391, 705; 31119, rot, G. 8, 557.

dap, 3139, Ε. 2, 42; 11111111, 31119, G. dilapsus, 1, um, p. 11 dilabor.

3, 553. 1.1111111111,1,1111,9.ο11111131.

(1111311, (11111111, (1111111111, 11111, 11113. 2. dilectus, 1. 2, delectus.

1., 11 carry 191111 1111 munder or 11 uulgo, lexi, lectum, 8, 1., 11 11113,
911111, 3, 313ς9111111911111111111, G. 533ς91.11111111111,1,1111,11113,3111·,
1, 111; 11 191133,31191111,(1.3,137; 1, 311.

11131119 11 119, 3, 155; 991 11, 9111- 1111111,111,1111111,3,1.,11 wath 19111
pone, 31119, 3, 533. 1111119, G. 1, 88, 1111911, 3111111, mix,

(1111111111, 1, adj. (311113 1111111), G. 1, 311.

31111111,·1111191119, 1113, 1, 331; 111- (milvium, 11, 11.((111111), 1 11113199
91113119, 1111531111, 1911111131, G. 2, 173; 11119,11113, 311191, 13, 315; 3111111111,
3119111111, 5, 335. dastracum, 7, 223.

diffido, 111111 sum, 8. 11.,1151 311- 31111111319111191151111311.
1111111111 ,· 1131111111, 3, 51. dimetior, 1111111111 snm, 1, dep. 1., 11

3111111111, 11111, fissum or 1111111311111111,11111111,3.1,231;1191111,
1.,11111111 munder: 19111, 911111, 3, G. 2, 231.

533 (111111113311111, p. 11 (11111111

1111111311, 11131, 3,11., 11 1111 19111,·(11191111,11111,1111111111,311111113
1111111913, 3, 213 19111111119, 1, 571· 31193111, 1, 577;

(1111111131,11131,1311111,3,1.,119111 31111111,10,13; 91111911703.
1111315111,9111111,10,303;311311, 1111113131,111511,1115111111,3,1,1111111
(1.1,115ς 191113, 9111111919, 7,703; 11 19111111119,·1111111,31193,3,58;
9111113113111111, 1,111; 191111 aiom, 5, 111, out, tum 19111111
1011131, 135. 1111131113 5111111,11.,313 Dlndy·

31113111, 1,1111, 91131111111111. ω11,1,111.,11111111111391111 1111111·

(113311,31111,31111111,3,1.,1111119 3991311 1119111, 111113 11 095311,
19111,1191111111111119111111111111; 313.

1111191, 3119111, 1191111311, 3,113; (1111311311,111,311111, 1, 11., 11 dit·
1111111191111 11 plant 111 mos, G. 2, 51, 11191111 19 number, enumerate, 111311,
237; 11911111, interpret, 2, 132. 1111111111.

31311131,111.,,111111113,317; 111311131131111, 11,111.,,Διομήὴς 311-
123 nudemonqsfflmmdhnpqsdr·

(1131111,311111111,1,(119.1 (313- 91131111991111113111119131111113111
111111, w 111.111(1151.,1131111 1111119 my, 1, 753
11, 1,335; 11.1111.,111111111131191,1, Β151111111,1,11111,1(11.(1)1111),919
132; 9 dignatum 11111, with 9111. 1111119 11 1111111111311 11 Venus:
meamng 1111111 111119 qs, 1111111 Dionaeam, 11· ,119119191111111
888⁵. tmaesmaucbsVenmmmn

 

