949143 mommo 75

same, 1010101100, 10001, 4, 01, ,1010011- 101), 10 0100, 001011, 0001001001, am·
ffledasagoddess, 1111100, 1101001, 4, 116. sees, 2, 104, 1011, 0001010, 6, 600, oon·

1011100, 10, 1.,100001,1,216,101111110, 1001, 12, 568.

6, 256, 01000, 001110, 11, 51, 0010001100, 1011010011, 0, um, 00), (ratum 000
11110110, 1100001, 6, 216. dico), mopltecic, 0011100100, 8, 640.

10101110, 00, 1. (famulus), 0 female utitor, 1110, Erum, 10). (1011110 000
1001001000, 01010-1010001, 1, 106. 1010110101, 000010, 8, 021.

1111111100, 1, m., ,10101010010110 1111100, nvi, 1111111, 1, 0.,10 wear-y,
110011, 0 10010-101001110111000,01011- tire, 1, 616, 0010011, 11, 606, 0000, 0,
1010001,1,101, 0110110001, 5, 05. 610, 101011, 1100, 1101100, 6, 566, irma-

101101, 1001100101. 11010, 0, 66, 101100, 4, 512, 0001 001001,

tar, 101110, n. (111001) 10011, 4, 402, 10001, 0, 605, 0111010, 00010000, 1, 280,
010111 0110001, 5, 145, 010111 01 any 1111100000, 0001, 10, 604, 00100110 11111
kind, G. 1,16. importunum 0101001 sor, 1, 501.

10110301010, 1. (101), 01000111ου00· 1011000, 6, 111011, 10 00100 011011, 10
011, G. 6, 205. open, 1, 126, 01001, 01010010, (12240,

100, 1110001. n. (101. to 101), 0101110 0011001100, 9, 909.

11011 01 law, 0. 1, 260, 0010101110, 1010, sup. 01101.

6, 55, 1111011000, 0, 06, 00 ,110010110οί111 10111111, 1, n. (101),1101 101101 11 00-
0110, 0011111100, 1010101, mer, 100001- 01000,]010,101,0011100,1,200, 01111111-
0011, 1, 11, 0101. 000, an 010010, 1, 682, 1010011010, 00-

11100100, 1, 0., to 00101101, 0001001, 1110011011,00011,4,111,00101010011100,
110106. 0001010100011,4,606,110(1101101)1100

100010, 10, m., 0 0011010, 0010011, 11. 10011110, 11, 100.

0, 05, pl. : 100000, lum, 11010100 or 101110, 0, 1110, p. 01101.

000010 os 1001, 0 symbol 01 00110111), 10000010011. (1101110100101100110
00100 by 110 1101011 001010 110 110101 0111.101100,0011101111100 used, but not by
0100101101οε os Rome, 6, 818, meton.¹ Vergil), 1101000, 1111001, 2, 058, fig„
11011 1011011, G. 2, 405. monta, entrance, 10101, 6, 241, 001100,

anolus (01100), 1, m., φάνηλος, a 11, 516, 1110111, G. 1, 201, 01011001, G. 4,
0000 01111 00 001010 ped: 110000 000111, 426.

G. 1, 221, from resemblance 01 1011110 Faunus, i, m. (faveo), 11001101, 110
0001 011101110111110 001101, 0 0000010, 10101010 000 qs husbandmen, 1010111100
G. 4, 200. 00 110 Romam 01111 110 Greek Pan, 1,

10011010, 111 or 11111101, 400110 0. 254, 0101, pL: raum, orum, 110001,
(fastidium), losed 0001011101, 01100111, 101000 0011101, Ε. 6, 21.

Ε. 2, 18. · 111100, ravi, 1011111111,2,11.,10 besam

munim, 11,0.(100111010011001- 0010 10,· 0011100010001, 1, 165, 10 00
um), 0110011, 0110010, 11. 2, 15, 11010 qood sor, G, 2, 228, 01011000, 5, 148,
1101031010, Ε. 4, 61. 010 lavere, 10 1001110001οπ1, 1011010011,

1001101001, 11, n. (1001100), 1101 01001010ηο110, 5, 11.

101101 1100111011 10 0 point 01 011001, 1001110, 00,1.(010,10111110),01101,
110 apex 0100111101 0 ,1001010111 ,· 0 01110011, 0100011, 6, 516.

00010, 000011011ρί0 10010 , roos, 110» 111001, oris, 111. (faveo), 0000011111, 1101-
110010, 0011100001, 2, 444, 110100] 0 110111010001, 5, 640.

1101101, depth, G. 2, 288 , ng, 01101 1111110,1,111.,0 1000000010, G. 1644,
poma, 1, 642. pl.. 01100, G. 4, 22.

1001110, 110, m., 1000111000, 01100, 1011, 1010, 1.(101. to 010110 11100),0
0110001100, 6, 626. 10101, E. 6, 20, 1110010110, 1, lm , stre,
1010110, 0, adj. (10111111),]’0100, 4, 655, 4, 6211 , 010 mmmm 11010, 2, 604.

011010 01 0011100, 2, 165, 10111 001010, faxo, 0. 10010.
11, 101, 000011 001100, 0000000, 111111100101000100.

’ 0010011001, 000010, fatal, 12, 919. 10001100 (1000), 1, 0. (fecundus), 10

101001, 1000110 01110, 2, dep. 0. (101. 10 1001011111φαὶ , sacten, G. 4, 202.

 

