Dnnnnm DERIGESGO 55

100000, 10011011, 0100, 511110, 4, 1011 3011 10000, G. 4, 347;[1000001, 5, 4591
00110000, 11,339. emmeram, powersul, furious, G. 3,
0001011110, 00,1.(00111000),01000000, 1961 1000, 01001, G. 4, 2101 111 dense
[1000010005 465. ubere, 00 010000 11100100 0011, G. 2, 2751
00010100, mersi, mersum, 3, 0., 10 111.; 0011000.(00.00111100),01000 100015-
0111, 1110000, 9, 119. er, 000000, G. 2, 275.

0011100000, 0, um, 11. 01 demergo. 00111010, 18, 1¹· (dens), 0 altare-boam,

0011100000, 0,0111,11. 01 demeto. G. 1, 1721 usually pl. : dentale, lum.

0001010, 0061, 00001, 3, 0., 10 ream 0011011110, 1101, amn 1, 0., to 011·
01111, 51001100, 1110011, 11, 66. 0001100 0001000000· 000101010101011,

0011110000, 0, 0111, p. 0100011110. 3, 366.

0010100, mni, missum, 0, 1., to 010 nepueu. pavi, paetum, 6 a, and
0001, 1,001; 00000000, 01111, amer, 00000000 pestus sum, 3, den. 0., w
11. 0, 0; 010010, 0. 0, 001 ς pour, 0. 00001, comune, 2, 2151100 down, G-
4, 010 1100, 0, 4ος 10 down 000, re· 11121 1000311041400001000,
00100, 001011, 01 the mind or the 000000, 4, 539·

4, 4283 0001190, ,mamm 2, ὥς ,0),. 0011001110, 0, 001, 1). 0100110000.

001, conduct, 0 00, transmit, 1010 depacto, 00 001, pexum, 3, a, 10
down. 1, 000, of 0 01011110 11111, 000111- wmbdown 0101, (12, 121-
1010100001, 0001100. 1101001010 0000110001,101010,3,0,0001,
tere 01001οω,10 1000110001, 0101· 1010 (1113111013 01 (1119314111υή Ε· Ῑ, &3
00011011, 126091 11.ι 0011110000, 0, um, 0110010010 150 0000,·10000, Ε. 3, 823
101 domm 11000100 domn, 4, 2633 10. 01100 0100011010, w. 000. 0000111.,5, 127.
0001011000, 1100000000, (100000502010 500 down:
3, 32ος 00000001, 1, 561. 11000, 1, 726.

001110, 101101, mptum, 3, a. (de 000 (11150ῡο0,1)(1811,1168111112,3,8-,101341
emo), 1010100000, 0010000, 2, 175. 00000100100·1·0011007, 1061110100

Βο015050001,111,00 ,4νο00100 from, 001 00 05010, 5, 751, 100 00100,
[0110001οΜ000, 10, 413 100, 6, 6321 010100, 1000000. 3, 31, 001,

11010510001,111.,001·001101010 50 01001, G. 2, 24; 6, 632· ,100 00100, 010-
,40000010 501110 5, 260 10100, 500101, 2, 761 11000, 01 010110000,

Βο1001111000,00110,10.,0 710100 105010100000,00100,000110100001, 12,
01010 50 00101110,11,675.395

0011111101,101000010,1,0011 0 and 0011001100, 0,0111,11010011000
11.,10110001,00011001,2,646;0010103, 0011101101,οι000010, 1, 0011.0.,10 ’
4811 10011001, 01001,10, 30. 00011 50 1110011101 0010110010, 500101·

00100111, adv. (de, hence, 1101110110 100100, 10931.
meaning 0010010001), 01100015, 01 1001, 1, 0011101100 (0000000000), prendi,
629; 01,10001100000,0000010110,0 1,47. 1110110001, 3,,10111300101 00101100, 0001·-

00111, 00, 0, 001. num. 0101111).,1 100 10110,5,52;1010100111,10.96.
50100,10000011,00001011101,100,1,361. 000100000100110011011000),0, 001

denique, 000011001011000111, 1101001110οᾱ0
1100110, 2, 76, 295. 0001000000, 001, p. 01 deprimo.

00110, ntis, 0103011010100111, 3, 664, deprimo, pressi, pressum, 3, 0., 10
1110110110 01011 0001101, 631011100- 11100000100, 1110000000, G. 1, 45111οι
05010, G. 2, 4231 11100100- -,10010 G 2, depressus, 0,,001 100 0001100, 276
406. 0011151110,1111101,011110111(-101001),3,

0011000, ere 000 001100, 0111, ntum, 0. 10 01010 101111 5, 501.

1,.),0(000000 10 make 11110111 tiliolum depulsus, 0, 001, 11. 0100110110
01000 011, 12, 2641 0001 1111011, 01101001, 11, Ι)01·00011110,’ 1, m., 00 0001001 11100
65ος 001501· 15001100, 010100, 7, 734. os 0000001010, 11,(150.

demus, 0, um, 001, 1111011, 00000, 001-00100, 0, 001, 11. 01001100.
crowded, 00100001, G. 2, 2211 10 01000 0011311000, gni, 3, 100. 0., 10 01010
way, 0001100, 2, 3361 0010010000. 6, 0000101010 01111 ,· 10 50 0010, 01111. pare

 

