142 OEAGRIUS oms

01101111, a, um, adj. (0113111), qs 0101111, 11, 110 amq-mua, 01, ¹

0100100, 0 1111αο010 11100, 001101 qs 1110011011001011,03,101
01001111 ,· 10101100, G. 4, 531. 010010, 1, n. (110101), 01111011, 011, 3,
00110110, 01,1.(0100101,03001100 331. ,

11103000010110100000100000010110- 01110, adv. (10101110, 11010 01011010 ·

tum 10 Italy), 0 name os Tarentum, G. 01100101011,101110101001,01 1011 time), ¹

1135. 1001111011 000, 01001110, 0001, 1, 033, 01
0000100110, 01 1101110 011001, 01.; 01 1000χο10111100,· 1111010111,
1110 os 11110111, 7, 734. nome 1110, 1, 3ος 11 111011, 01111011, ⁵,
0000011001,1,,01χο1010,0 0110 os 1263 11110011, G. 3103.
3110110331. 01100, 00, 1. (11010), 01 oliva-tm, 6,
0000111011 000 00001100, 0, um, 30;00011111100’,11.3,13;01100010000,
adj. (01001110), os 00001111, 00 0001101 0111100010, 5, 309.
name of 1100111110 11110· 1111100, 0111 01101101, 1010101001, adj. (01110 100
111111, 1, 533, 1101. 1110), 0011011000, 0100111100 10 011001,
oestrus, i, 10,, οἶστρος, a 000010, 7, 711.
1101111010, G. 6, 146. 0110001, 1, 0, (01110101111011, 6, 333
0010, ae, 1., 010), 0 0100011110 10 0111.
1111111110, now 1111100010, Ε. 8, 30. 0110, a, ud, 0100,, 0100011 form 01
0110,11,1.,0100010101,1 01111000, 1111, 5, 197.
1011111, 6, 130. 0101, oris, m.‚ 0 0000, 11, 531.
011000010001, 1100001, 3,.0 000 n. 01011000, 0, 010. adj. (olor), 01111
(0110011 obsol. 11000), 0101101001013 11000,·11000’1,10,137.
p.: 01110001, 0,001,1101110110011001,· 0100000101.
1111111111, 1111111111, G. 110. 0110110101, mn, 101. (olympia),
01100000, 0, um, p. 0101101100 0100101110, G. 3,19
0110100111), 0111011 (opt) oblatum, 01001000, 1, 10,,’,01001101 Olympus,
11111, 11113 0.,1110100 1000101100-11100011100101101110001010110010101
11011011, G. 4,137; 100011,6,391; 000 11110 111001, 111 0011100000]
0,1111111.0100,10·11101001’1111101 1101001111 110001 0101000110 13100111
mels, 3, 61, 1101111,7,135,000111,1, 1110100011011001010000 1001000,
150. (1.1,333;0100110000110]”10100001101
0111010( (0-11), reci, 1101001, 3, 0. 000 00111;1110010,01001001,1,374;101010,
(0110111 10010110 010111 1011011101 (1.3,33,1010111031011103000,3,333
101010,111111,· 10010011101,0.1,69. 01000, 1010, n. (01011010, 000100,
officium, 11, n. (0111010).000111100 prhps. 11010 01010 0100001111, tom
11101111 another: 1111111, 1101011110, 0100, 010103, 1831 101100, 1111,3,190;
1110110111, 1513. 0100111001 0101011100 7 171; pl. : 001·
01101300 (011101), fulsi, 3, 0., 11 pices: 11111, 1, 346; 10 omen, 00 01
1010100010111111011000, 9, 110. sora 10010100, 13, 351.
011000(,,1111011) 01,1,01000,10,’-01 0100130000, a, 010, 001 (31001,
11111110001110110011101011011100 0001300001), )1[111 10111, 1110010111οᾱ
1111 1111 1, 41. (10 some texte 0111010111), 3, Μ
01010111. (1111111), 00 01111, 01111· 0100100, adv. (001011), 1111011000
31110, 0111011111, G. 1, 16. 111110, 0110011111, 4, 330.
0100311000, 0, 001001. (0110100 1111 0001001000, ntis, 001. (001010 000
1111111111, G. 3, 31. pario), 0110100001ηο, parent, 0101101 01
0100100 (-00, 0110100), 1,1., ’(1110- 01111095.
1111000 11111101, 10101 1111 10110011, 0001001000, 0110, adj. (0010100011
3. W. 11Ρο111,οο0 1101101101, 3, 13. potens), 0110101001, 1110110010, 1, ως
01000101, tri, m. (olea), 111 0111101101, supreme, 1101111100, 10, 1; 10001 131
G. 3, 183. 1111010010, 1, m
0100, ni, 3, n. 000 0., 11 emita 1101111 omnis, e, adj.. 011, 131 101010, 0, 13ς
1010011 of,¹ pa. z olens, 0111, 0011111001 11110,1,160;001011·001,00010101, 13311

 

